VIN(
  (h): Conv2d(2, 150, kernel_size=(3, 3), stride=(1, 1), padding=(1, 1))
  (r): Conv2d(150, 1, kernel_size=(1, 1), stride=(1, 1), bias=False)
  (q): Conv2d(1, 10, kernel_size=(3, 3), stride=(1, 1), padding=(1, 1), bias=False)
  (fc): Linear(in_features=10, out_features=9, bias=False)
  (sm): Softmax()
)
here
('episode', 3950, 0.9011309146881104, 999, -1000)
('episode', 4000, 0.9016199111938477, 999, -1007)
begin eval
0
100
(-100.705, 11.116011142730713)
('episode', 4050, 0.8988580703735352, 999, -1000)
('episode', 4100, 0.8889999389648438, 999, -1000)
('episode', 4150, 0.9008309841156006, 999, -1000)
('episode', 4200, 0.8922061920166016, 999, -1000)
begin eval
0
100
(-100.0, 11.263195037841797)
('episode', 4250, 0.8965468406677246, 999, -1000)
('episode', 4300, 0.878187894821167, 999, -1000)
('episode', 4350, 0.8955938816070557, 999, -1000)
('episode', 4400, 0.8068459033966064, 999, -1000)
begin eval
0
100
(-100.0, 11.079313039779663)
('episode', 4450, 0.9079298973083496, 999, -1000)
('episode', 4500, 0.87636399269104, 999, -1000)
('episode', 4550, 0.886951208114624, 999, -1000)
('episode', 4600, 0.9090161323547363, 999, -1000)
begin eval
0
100
(-100.0, 10.90211009979248)
('episode', 4650, 0.8796799182891846, 999, -1000)
('episode', 4700, 0.8729300498962402, 999, -1000)
('episode', 4750, 0.89040207862854, 999, -1000)
('episode', 4800, 0.8854529857635498, 999, -1000)
begin eval
0
100
(-100.0, 11.142972230911255)
('episode', 4850, 0.9145088195800781, 999, -1000)
('episode', 4900, 0.8733930587768555, 999, -1000)
('episode', 4950, 0.876410961151123, 999, -1000)
('episode', 5000, 0.9240970611572266, 999, -1000)
begin eval
0
100
(-100.0, 11.028077840805054)
('episode', 5050, 0.8732180595397949, 999, -1000)
('episode', 5100, 0.8856151103973389, 999, -1000)
('episode', 5150, 0.8744900226593018, 999, -1000)
('episode', 5200, 0.8708689212799072, 999, -1000)
begin eval
0
100
(-100.0, 11.22741413116455)
('episode', 5250, 0.8850829601287842, 999, -1000)
('episode', 5300, 0.9513390064239502, 999, -1000)
('episode', 5350, 0.9040980339050293, 999, -1000)
('episode', 5400, 0.8932540416717529, 999, -1000)
begin eval
0
100
(-100.0, 11.220291137695312)
('episode', 5450, 0.9430480003356934, 999, -1000)
('episode', 5500, 0.8852329254150391, 999, -1000)
('episode', 5550, 0.8831632137298584, 999, -1000)
('episode', 5600, 0.8714799880981445, 999, -1000)
begin eval
0
100
(-100.0, 10.805390119552612)
('episode', 5650, 0.8967819213867188, 999, -1000)
('episode', 5700, 0.8962500095367432, 999, -1000)
('episode', 5750, 0.8928170204162598, 999, -1000)
('episode', 5800, 0.8726339340209961, 999, -1000)
begin eval
0
100
(-100.0, 11.026155948638916)
('episode', 5850, 0.8749289512634277, 999, -1000)
('episode', 5900, 0.8893101215362549, 999, -1000)
